104 4
1 1 0.31546223739696494
1 2 4.664955977280271
1 3 0.7141501584876433
1 4 -3.159007304463095
2 1 -6.16118787783586
2 2 -0.3707163791407093
2 3 -0.10546217363184575
2 4 5.368640781944146
3 1 2.996416192545166
3 2 -0.1460540958914508
3 3 -2.683539890998222
3 4 0.27375306908603547
4 1 0.2700035382804169
4 2 -5.651735453896785
4 3 3.0071845568249342
4 4 3.0633144623606983
1 5 0.2106423520960225
2 6 0.25734193202681727
3 7 0.14020005823841084
4 8 0.08013599270397671
5 5 -3.5587641894733038
5 6 3.757716784009242
5 7 0.12757732943107997
5 8 -0.5697604458982912
6 5 1.6010882559224586
6 6 2.6138817679664403
6 7 -2.9805526932625654
6 8 -2.031317742873066
7 5 5.2354369155265035
7 6 -3.9001096279717045
7 7 5.6270378929822975
7 8 -2.9442843081413996
8 5 -0.397669287421752
8 6 -2.876955217204853
8 7 0.7947604426613516
8 8 4.944529781097004
5 9 0.11435690718245183
6 10 0.12765896692170128
7 11 0.17054088279385185
8 12 0.2737479031662834
5 4 0.10365698725429333
6 4 0.05401950272657897
7 4 0.23770927035554562
8 4 0.2420492063655091
9 9 -1.479805607365042
9 10 2.7200973991288047
9 11 -5.391745105978872
9 12 3.0605238987833996
10 9 1.8952160187700422
10 10 3.725252226647065
10 11 2.722462648785068
10 12 -5.616632652414366
11 9 -1.1520700580372087
11 10 -1.2202719566692255
11 11 5.874161621823899
11 12 -1.1144547345780154
12 9 2.9569834805633373
12 10 -3.446576368957813
12 11 0.9486929346142293
12 12 1.207906911766211
9 13 0.05591773152507007
10 14 0.16978259485050498
11 15 0.025658208861658195
12 16 0.06379967596292337
9 8 0.0022434897475532177
10 8 0.05596056955482783
11 8 0.14160513389671753
12 8 0.1051255051373439
13 13 -0.03540865487850322
13 14 1.4376361928615404
13 15 -7.7903585794564
13 16 4.630253859592008
14 13 3.1641477512758946
14 14 2.6641727486315525
14 15 -0.46185334266314576
14 16 -3.298619547482754
15 13 -1.6672284904817476
15 14 0.5416348184007579
15 15 3.8036537998516877
15 16 -0.751354063731563
16 13 1.3428138827554397
16 14 -4.829996094143734
16 15 2.1895583266487253
16 16 2.359587382273966
13 17 0.19717639517925728
14 18 0.04901707807070298
15 19 0.13822193536996358
16 20 0.27472445359241354
13 12 0.19734771544503177
14 12 0.15523531911821667
15 12 0.10868790515373153
16 12 0.1720096853252034
17 17 -4.273838647862867
17 18 3.937851351702903
17 19 -1.0798627944442962
17 20 3.302692116044262
18 17 1.0411627867863373
18 18 -1.6939415974499545
18 19 -1.5739656639457147
18 20 2.345631198371266
19 17 1.188714156957717
19 18 -1.1820370065427506
19 19 5.426152050324042
19 20 -1.9612161676071502
20 17 5.551402685810149
20 18 0.13731948956002338
20 19 -3.60873118721858
20 20 -5.316137921138017
17 21 0.21810775128140092
18 22 0.27972685626190147
19 23 0.037931939959300186
20 24 0.16919815145942713
17 16 0.11063356294651429
18 16 0.2286718097462259
19 16 0.24990407016389857
20 16 0.2055349583994942
21 21 5.361297842521773
21 22 -4.245967696570052
21 23 -1.2521944107526908
21 24 -0.17640835566927288
22 21 1.7207691458578656
22 22 2.3893069401101146
22 23 -1.4345478195545622
22 24 -2.32546296797835
23 21 -3.2579725117031484
23 22 3.035262645950454
23 23 5.903723659441048
23 24 -2.4807559218759567
24 21 -3.9577080692114746
24 22 1.8599840221554753
24 23 -0.9843929493766915
24 24 4.535004193308155
21 25 0.12615524965183922
22 26 0.09806618757418938
23 27 0.2100951891503701
24 28 0.28819029317095507
21 20 0.027422527871469593
22 20 0.17624871428367736
23 20 0.04457560885778421
24 20 0.10370090085615694
25 25 2.7007436234847444
25 26 -0.599242497787721
25 27 1.0432684509169237
25 28 -3.713581739125037
26 25 0.11459923541166056
26 26 -3.9541865003340835
26 27 -0.3399131008830062
26 28 5.30947946995606
27 25 2.9280393677293763
27 26 1.7524044311142108
27 27 -3.493962222734557
27 28 0.01894141275168778
28 25 -5.109823508944839
28 26 4.235124939686165
28 27 5.157500628715338
28 28 -2.2392181649631255
25 29 0.1555859199797686
26 30 0.19352589545868137
27 31 0.017523107211517286
28 32 0.26505014592999443
25 24 0.17459772456994527
26 24 0.23373768594693234
27 24 0.20816475258019218
28 24 0.24626649280785565
29 29 3.1349793776486212
29 30 -1.4390379997283886
29 31 3.5833643803297015
29 32 -3.1895901540709146
30 29 1.444796664953969
30 30 0.9562592280607626
30 31 -4.509356857522373
30 32 3.3046842579682756
31 29 -0.345315588911631
31 30 -4.768783594182088
31 31 1.4300792422999815
31 32 4.218737261718999
32 29 -2.0235220598298405
32 30 4.440004670712112
32 31 2.9941956568771424
32 32 -4.620939373682412
29 33 0.0021202192583972047
30 34 0.038913953967949534
31 35 0.14269017895278852
32 36 0.003009472083933873
29 28 0.26309298337213943
30 28 0.17704634267068373
31 28 0.16672787242764384
32 28 0.06405809353802924
33 33 -2.5693591557335207
33 34 0.4064111824681297
33 35 0.7363284378686831
33 36 2.565527304455107
34 33 1.8098794723495328
34 34 3.6035307817003117
34 35 -4.038851920616657
34 36 1.2332716117571563
35 33 2.1102983322722353
35 34 -4.890565418607069
35 35 1.2204160452069188
35 36 1.8284527591032202
36 33 -2.1155645716290015
36 34 1.7581891672276586
36 35 6.009676755199004
36 36 -6.413113968280995
33 37 0.2429791054466756
34 38 0.20468941212992864
35 39 0.2587492585428927
36 40 0.2787124512779758
33 32 0.021826384618310633
34 32 0.22157789335174452
35 32 0.07069662964545395
36 32 0.13241690210167836
37 37 4.880173890910642
37 38 -0.23512855262543164
37 39 -1.7774277385395774
37 40 0.5880037546252478
38 37 0.2791612074001825
38 38 5.8731810557184465
38 39 -0.5166466246792647
38 40 -3.2017794759050586
39 37 -5.600241576532907
39 38 -3.1078378330058873
39 39 1.3825491503426248
39 40 4.6537705230606194
40 37 3.388506399773212
40 38 -2.486589111157077
40 39 2.6897316347909648
40 40 -2.0107153191112452
37 41 0.29940031738848755
38 42 0.20926210682813853
39 43 0.00453914524377873
40 44 0.2943214645286755
37 36 0.23402674765706144
38 36 0.1641711267991355
39 36 0.14057145298077514
40 36 0.17290265497069862
41 41 4.72259475484618
41 42 1.4654685272488799
41 43 0.3016870189682628
41 44 -4.3993981474344155
42 41 -1.6031819736669521
42 42 3.240371252105244
42 43 -1.3992076011257546
42 44 0.7709864285958603
43 41 -0.41552831710467314
43 42 -2.883027343743163
43 43 -4.7318160793602955
43 44 6.6481124015916455
44 41 -3.421424159958408
44 42 -0.3221903424958592
44 43 4.312366204539713
44 44 1.0014673446570062
41 45 0.2604386503366693
42 46 0.16341124276408636
43 47 0.08701755992253103
44 48 0.020823893893341706
41 40 0.10359917022155472
42 40 0.2871556015383543
43 40 0.20161104889792758
44 40 0.2615954318303193
45 45 0.30263930155928276
45 46 -2.219920115606132
45 47 3.234617954881918
45 48 -0.49415042100946194
46 45 -4.803486674019326
46 46 -1.157751440198253
46 47 2.2890530210596665
46 48 6.243902412091119
47 45 3.3174628549440417
47 46 0.8226448613719536
47 47 -3.933366397082213
47 48 1.8058253431695304
48 45 -0.22960745538185204
48 46 3.8318088264072983
48 47 0.9744224430986318
48 48 -5.961024591647851
45 49 0.20302709830186805
46 50 0.18394938157472146
47 51 0.04122722646407403
48 52 0.2531416474259369
45 44 0.12030066643592921
46 44 0.24525789254440775
47 44 0.13713069446715043
48 44 0.025863644466790302
49 49 3.3045368117566247
49 50 0.19352199582102214
49 51 0.2333816657020652
49 52 -2.5320066675529533
50 49 -0.19004684770343008
50 50 5.013172643157735
50 51 -2.4845139535424834
50 52 -3.439579407512284
51 49 0.5870321812189523
51 50 -3.0721772857960414
51 51 -1.9004186620032588
51 52 7.49789342973285
52 49 -2.7583255099612662
52 50 -1.0835648147164
52 51 5.17425100606212
52 52 -0.48713884889720077
49 53 0.011043505193881498
50 54 0.17111305042300765
51 55 0.2489879315737692
52 56 0.02944071116251836
49 48 0.09496939009821476
50 48 0.04465985237550991
51 48 0.14469792632504236
52 48 0.08520186637087405
53 53 -2.41885234592489
53 54 4.721340396629878
53 55 -0.6853003385667159
53 56 -1.310085930302308
54 53 1.937232473456454
54 54 2.5816769929604755
54 55 0.41764607812247584
54 56 -4.480747423823715
55 53 3.4945773770036728
55 54 -1.169899483817544
55 55 -5.329083406172911
55 56 0.10923324002482653
56 53 -0.23789431235585398
56 54 -4.441609479915065
56 55 4.4475019576080514
56 56 4.842119905418785
53 57 0.17672119472065062
54 58 0.09689386927602793
55 59 0.2440884387055926
56 60 0.1322380826897855
53 52 0.21919831240347734
54 52 0.06702638056543316
55 52 0.0515500310622379
56 52 0.2061850716968112
57 57 -0.956223148245519
57 58 -2.741546325236034
57 59 1.775308770857733
57 60 2.9053205409845835
58 57 -1.3085719401966267
58 58 2.190794615956139
58 59 -1.6851307704220384
58 60 2.747761438908312
59 57 -3.6869644211377426
59 58 1.1128263084055616
59 59 6.499988954220237
59 60 -4.89794591951904
60 57 5.846923455210294
60 58 0.5469174138660154
60 59 -2.9149017859199096
60 60 -2.2407694008699726
57 61 0.13844422484651522
58 62 0.1911779527402431
59 63 0.2754550721321233
60 64 0.10014123754097033
57 56 0.07870325395148088
58 56 0.16868467058108058
59 56 0.1159494957793256
60 56 0.2922561388544674
61 61 -0.8987053635111285
61 62 4.36194953920323
61 63 -3.6234213299483917
61 64 0.7243355277401112
62 61 -4.736704161669759
62 62 0.07260900599358779
62 63 2.6604244227616936
62 64 4.312155575151235
63 61 0.8372766008958357
63 62 2.4997889601698846
63 63 1.029117082680251
63 64 -3.25985860561318
64 61 6.128158655787977
64 62 -5.193853477408987
64 63 0.03233467993284614
64 64 -1.1092671285246545
61 65 0.11202443340477275
62 66 0.21039286643545582
63 67 0.11170486888620564
64 68 0.24303901118613758
61 60 0.10669452326042513
62 60 0.26230730499279364
63 60 0.03581896060382942
64 60 0.2611092250976781
65 65 -0.8109317227954366
65 66 -0.3847832649572624
65 67 -2.1560091483375174
65 68 4.552459212205913
66 65 6.307566371904247
66 66 1.534215572210937
66 67 -3.198539570393721
66 68 -4.815164640323069
67 65 -3.458103559476777
67 66 2.9509364475643074
67 67 -1.7782512643763604
67 68 1.0302216432151687
68 65 1.5126612317612127
68 66 -0.3973456655932988
68 67 4.925364887009912
68 68 -3.5595094057203593
65 69 0.267752999601623
66 70 0.22661997174576246
67 71 0.023307107290909467
68 72 0.22083990081188873
65 64 0.03213255675158174
66 64 0.19340646977257345
67 64 0.005754228551277563
68 64 0.21951178862439166
69 69 -6.276382979880589
69 70 2.344571161188009
69 71 3.5280487895067925
69 72 -1.01952716731641
70 69 3.346087875247614
70 70 1.050894967157021
70 71 1.2003203440930335
70 72 -2.0824447869045732
71 69 -1.152146540271633
71 70 -4.880313147346391
71 71 2.8747194891356744
71 72 3.59572561151193
72 69 3.7351927313020385
72 70 2.227325570492648
72 71 -4.911220431044855
72 72 0.417763562262019
69 73 0.06769040780363367
70 74 0.03998575297537225
71 75 0.17796522107182455
72 76 0.22080048405322564
69 68 0.12866819492339876
70 68 0.012854171903251842
71 68 0.20403276026821426
72 68 0.018647686480956837
73 73 1.955781530075707
73 74 2.5379219762187435
73 75 -2.2306008124228143
73 76 0.34622895656083946
74 73 2.6183718546566745
74 74 -3.166302169163354
74 75 -3.0705041738499683
74 76 2.6672690675151616
75 73 -4.947980088336029
75 74 2.2627095564513624
75 75 1.20516918529511
75 76 3.307497074310831
76 73 -0.8338110939451007
76 74 -0.7710188119491576
76 75 7.034592675594735
76 76 -4.944210675644374
73 77 0.26007331559295843
74 78 0.13066680655771445
75 79 0.08923169846744605
76 80 0.007008500074282797
73 72 0.16414260447927798
74 72 0.2833395026630434
75 72 0.27307571545481746
76 72 0.0672927644010037
77 77 3.9499527526983456
77 78 -5.241364416418341
77 79 2.6340914686786348
77 80 -1.134447125373034
78 77 1.4523888173052089
78 78 2.0248973120722438
78 79 0.5035102006900867
78 80 -3.2780351093332123
79 77 -4.989036363302229
79 78 4.16722668257212
79 79 3.137445233991659
79 80 0.18988855540298297
80 77 -1.5707702761479945
80 78 2.044384151723493
80 79 -3.9512367466071865
80 80 4.805923958281139
77 81 0.28518937605519645
78 82 0.14032404471521165
79 83 0.25022293605348367
80 84 0.21989044763503915
77 76 0.20898340516956748
78 76 0.24665995849760808
79 76 0.1495737799809845
80 76 0.1586991229701603
81 81 -2.0564206787976356
81 82 -0.7398487748992447
81 83 1.9214932971243146
81 84 2.53893882975629
82 81 -0.4846647104638134
82 82 0.813645609577485
82 83 4.313413642978316
82 84 -4.002324134591487
83 81 -2.812258191995137
83 82 5.543708906969453
83 83 -1.0605325708563507
83 84 2.4715202100984226
84 81 6.017717740642651
84 82 -3.5876556138648286
84 83 -4.528733005201181
84 84 0.3099803349713802
81 85 0.18016285464512413
82 86 0.07247745977082257
83 87 0.09885313010977417
84 88 0.13675674837576268
81 80 0.12548777751386095
82 80 0.01009176541346537
83 80 0.10727546577811528
84 80 0.24903293844765656
85 85 -5.857600737473661
85 86 -0.8829559104180413
85 87 3.4513248528339258
85 88 4.11476381239486
86 85 0.3218999030809866
86 86 -5.184670324784643
86 87 3.0383364258359293
86 88 -0.7309901096544632
87 85 0.7285861270401128
87 86 5.802357907009891
87 87 -0.633473685843208
87 88 -1.7726217899199044
88 85 3.662367825902023
88 86 0.5227263359904423
88 87 -3.5947331903737316
88 88 0.9827297272991197
85 89 0.0626121247375543
86 90 0.07778270231856128
87 91 0.13390724082091335
88 92 0.013543563967877858
85 84 0.09713624792489668
86 84 0.2658528120693137
87 84 0.10925143736648996
88 84 0.036911205008983324
89 89 -2.2388043132727065
89 90 -0.7692117417769683
89 91 5.243328573677306
89 92 -1.934311378044475
90 89 -2.5773378327174883
90 90 0.5043229677609542
90 91 -2.5251504039632144
90 92 6.180273062189256
91 89 2.968409977770413
91 90 3.5079755931065795
91 91 -4.210368770330955
91 92 -0.931928368063447
92 89 2.4757985545702303
92 90 -3.9636898164033907
92 91 3.771508098821937
92 92 -1.3838738571471862
89 93 0.18043992493419686
90 94 0.2628715668222347
91 95 0.10338477109078804
92 96 0.26348537496133884
89 88 0.20260724391113114
90 88 0.07786908966121577
91 88 0.021002302255452597
92 88 0.11095976480251019
93 93 -4.772633517608065
93 94 3.9951217194402706
93 95 3.2391801439003367
93 96 -1.5852851380258854
94 93 0.4880936661326351
94 94 -0.8069404247872833
94 95 -7.112694382730391
94 96 4.344715785115854
95 93 4.465562713552251
95 94 -0.08871190034085746
95 95 -0.08887728426759345
95 96 -1.2461710213409802
96 93 1.7335173477672878
96 94 -3.477211280736825
96 95 2.1988644992255946
96 96 1.5678464722272938
93 97 0.017652407884602293
94 98 0.05888547768433926
95 99 0.2136593118834875
96 100 0.27402335682691953
93 92 0.14388456032725805
94 92 0.24301276429180643
95 92 0.22134063195098908
96 92 0.17836186098138931
97 97 1.3362917187578485
97 98 4.164592674287669
97 99 -1.4095719351122398
97 100 -2.3944758234939334
98 97 -3.9342814626034643
98 98 -1.5565573806639184
98 99 5.254596836346867
98 100 0.02161158843928587
99 97 2.799982599275107
99 98 -5.241408456671872
99 99 2.4343085144619825
99 100 1.412639233755992
100 97 1.81153095766897
100 98 1.3467279036263953
100 99 -5.594535959720303
100 100 3.7429350160887775
97 101 0.20791355069411002
98 102 0.22739274556014097
99 103 0.24274347195774018
100 104 0.06402244042689514
97 96 0.2725484078066396
98 96 0.08570972891621986
99 96 0.21476765857455332
100 96 0.26520549067263294
101 101 -1.1171080694188944
101 102 4.169009470050482
101 103 0.9424624191423867
101 104 -3.338396274218556
102 101 4.012902868350729
102 102 -3.5962728846526213
102 103 1.0561886863324652
102 104 -2.9670355060242217
103 101 -0.5729052392781547
103 102 3.727117708015397
103 103 -4.722658373388622
103 104 3.821670814819604
104 101 0.8333752926181022
104 102 -5.1411355346236975
104 103 3.1398193414538045
104 104 2.8758217896709417
101 100 0.218115414093436
102 100 0.14141654075960855
103 100 0.16903472560860808
104 100 0.2257221659509367
